   0.0000000e+00   9.1118997e-01
   1.5602783e+00   1.4251322e+00
   6.1293278e+00   3.6996147e+00
   9.1211902e+00   2.1301444e+00
   1.1433640e+01   3.1037609e+00
   1.6126960e+01   2.2116305e+00
   1.6902467e+01   2.7646918e+00
   1.9713259e+01   1.6668102e+00
   2.3597567e+01   1.8215554e+00
   2.6946086e+01   1.1048719e+00
   2.8991307e+01   7.2707346e-01
   3.2181714e+01   2.2639268e-01
   3.4317860e+01  -2.8337804e-02
   4.0364134e+01   8.6719729e-01
   4.2728471e+01   7.1869521e-01
   4.3244031e+01   1.8163855e+00
   4.9139318e+01   8.1787295e-01
   4.9254160e+01   6.7053043e-01
   5.2795842e+01   1.9749430e-01
   5.6605253e+01  -1.9605751e+00
   5.8675753e+01  -2.3713417e+00
   6.3288814e+01  -2.5064206e+00
   6.6122299e+01  -2.0447947e+00
   6.6254022e+01  -2.6438947e+00
   6.9732270e+01  -3.3892507e+00
   7.2990081e+01  -4.3535185e+00
   7.7120989e+01  -3.0259928e+00
   7.9216627e+01  -2.3714126e+00
   8.3306252e+01  -9.5456854e-01
   8.5777857e+01   6.6075112e-01
   8.7483008e+01   7.1939496e-01
   9.1589860e+01  -4.3959795e-01
   9.3651911e+01   1.1597292e-01
   9.6721025e+01   1.3241235e-01
   1.0160231e+02   1.6989591e+00
   1.0169483e+02   6.9628001e-01
   1.0418501e+02   8.9696797e-01
   1.0964172e+02  -4.7298592e-01
   1.1054502e+02   2.3084538e-01
   1.1490939e+02   1.0314731e+00
   1.1824494e+02   1.8399342e+00
   1.2068254e+02   2.4603662e+00
   1.2332975e+02   3.0844647e+00
   1.2666273e+02   1.9833806e+00
   1.3100856e+02   2.2399815e+00
   1.3211115e+02   1.6132540e+00
   1.3630554e+02   1.2838993e+00
   1.3802552e+02   1.2895471e+00
   1.4217223e+02  -1.3529760e-01
   1.4382559e+02  -3.3510692e-01
   1.4869220e+02  -1.0779993e+00
   1.5063675e+02  -1.4817919e+00
   1.5499494e+02  -2.3479227e+00
   1.5667131e+02  -2.2531328e+00
   1.6016684e+02  -1.6698483e+00
   1.6354184e+02  -8.3210801e-01
   1.6563431e+02  -1.1246643e+00
   1.6776379e+02   4.2387802e-01
   1.7098744e+02  -1.3758188e+00
   1.7308567e+02  -7.3852110e-01
   1.7494275e+02  -1.4010278e+00
   1.8010000e+02  -1.8392133e+00
   1.8344204e+02  -1.4303341e+00
   1.8610441e+02  -1.2327616e+00
   1.8849276e+02  -1.6795295e+00
   1.9133289e+02  -1.1574855e+00
   1.9583680e+02  -3.3150300e-01
   1.9804131e+02  -8.6500035e-01
   2.0220515e+02   1.3411060e+00
   2.0437589e+02   2.7766795e+00
   2.0797039e+02   2.0042637e+00
   2.0807109e+02   1.9155783e+00
   2.1213983e+02   2.1358076e+00
   2.1634477e+02   1.6581125e+00
   2.1953409e+02   2.2015274e+00
   2.2013403e+02   2.1958231e+00
   2.2428693e+02   1.2333686e+00
   2.2910567e+02   8.7599296e-02
   2.3026145e+02   5.5097560e-01
   2.3242131e+02   1.4235051e-01
   2.3456118e+02  -6.1409469e-02
   2.3888340e+02  -1.1043065e-01
   2.4227338e+02   1.5121612e+00
   2.4506731e+02   1.0086445e+00
   2.4762054e+02   5.5213831e-01
   2.5077567e+02  -3.4455691e-01
   2.5434207e+02  -6.9553761e-01
   2.5757309e+02  -1.1607626e+00
   2.5804489e+02  -1.5574729e+00
   2.6321359e+02  -7.9382639e-01
   2.6489050e+02  -2.9443783e+00
   2.6901524e+02  -3.0650714e+00
   2.7078922e+02  -2.5680628e+00
   2.7558111e+02  -3.4223999e+00
   2.7829430e+02  -2.0523937e+00
   2.7944653e+02  -2.3018988e+00
   2.8260880e+02  -1.7824773e-01
   2.8784155e+02   1.5289828e-01
   2.9005336e+02   8.1935898e-02
   2.9011995e+02  -5.2321080e-02
   2.9551284e+02   1.8560770e-01
   2.9834368e+02   1.4264289e+00
   2.9999457e+02   4.5722379e-02
   3.0257553e+02   1.3174993e+00
   3.0714655e+02   9.3899539e-02
   3.0855476e+02   4.5207164e-01
   3.1336720e+02   5.3797955e-02
   3.1558221e+02   1.0929116e+00
   3.1686434e+02   5.3465879e-01
   3.2235635e+02   2.3054699e+00
   3.2358520e+02   3.1223286e+00
   3.2693599e+02   4.0897304e+00
   3.3229626e+02   1.1911925e+00
   3.3309677e+02   9.8518141e-01
   3.3612547e+02   1.0721761e+00
   3.4022879e+02   8.9242538e-01
   3.4348955e+02   5.1743160e-01
   3.4461942e+02   1.4002318e-01
   3.4740703e+02  -1.0390045e+00
   3.5019019e+02  -1.1141334e+00
   3.5452904e+02  -2.1322612e+00
   3.5672215e+02  -2.3105205e+00
   3.6027677e+02  -1.5926144e+00
   3.6407156e+02  -6.8259578e-01
   3.6689829e+02  -4.4069031e-01
   3.6789699e+02   2.8215338e-02
   3.7079580e+02  -1.4166703e+00
   3.7534867e+02  -1.9110884e+00
   3.7808260e+02  -1.9004757e+00
   3.8136170e+02  -1.8817433e+00
   3.8382788e+02  -1.7403774e+00
   3.8486308e+02  -1.5763816e+00
   3.8847922e+02  -7.4553231e-01
   3.9173573e+02  -8.2303623e-01
   3.9496533e+02  -1.7186782e+00
   3.9833034e+02  -3.7616188e-02
   4.0115244e+02  -1.1236477e-01
   4.0353526e+02   2.7160274e+00
   4.0734036e+02   2.6723785e+00
   4.1017502e+02   2.3844827e+00
   4.1277640e+02   2.6150539e+00
   4.1555896e+02   1.9229573e+00
   4.1751795e+02   3.0112180e+00
   4.2292629e+02   1.4418493e+00
   4.2606947e+02   1.1143975e+00
   4.2823727e+02   1.6460729e+00
   4.2974363e+02   6.7398163e-01
   4.3410181e+02   7.5269305e-01
   4.3534622e+02  -8.2525197e-02
   4.3980643e+02   8.1657521e-01
   4.4292123e+02   8.7179627e-01
   4.4649236e+02   1.8695341e+00
   4.4960912e+02  -8.0301530e-01
   4.5213095e+02  -7.1717976e-01
   4.5312010e+02  -3.6912851e-01
   4.5825145e+02  -1.0809399e+00
   4.5917510e+02  -1.6738741e+00
   4.6209315e+02  -1.5354147e+00
   4.6878226e+02  -2.6194135e+00
   4.6898772e+02  -3.1020417e+00
   4.7151146e+02  -3.5142089e+00
   4.7536942e+02  -1.9941925e+00
   4.7715725e+02  -2.6312369e+00
   4.8142291e+02  -9.8276556e-01
   4.8365632e+02  -2.2052678e-01
   4.8659316e+02   1.1988733e+00
   4.8908827e+02   3.3898655e-01
   4.9275040e+02   3.7636500e-01
   4.9448709e+02  -7.1527532e-01
   4.9950717e+02  -3.9674933e-01
   5.0092211e+02   5.7550037e-01
   5.0394386e+02   2.0353817e+00
   5.0641686e+02   6.1689316e-01
   5.0991278e+02   8.9238237e-01
   5.1494073e+02   8.2401389e-01
   5.1678037e+02   8.8523312e-01
   5.1707762e+02   1.4226122e+00
   5.2129962e+02   1.5891379e+00
   5.2467590e+02   3.7143562e+00
   5.2702040e+02   3.1520244e+00
   5.3065096e+02   2.5866539e+00
   5.3327674e+02   8.5463214e-01
   5.3788985e+02   1.4529231e+00
   5.3927271e+02   4.7034416e-01
   5.4152149e+02   6.0029621e-01
   5.4603139e+02  -1.2259929e+00
   5.4734971e+02  -9.0248423e-01
   5.5174286e+02  -2.1471063e+00
   5.5599020e+02  -2.4150371e+00
   5.5770327e+02  -3.4159308e+00
   5.6130138e+02  -1.6902365e+00
   5.6365268e+02  -5.8382510e-01
   5.6597851e+02  -8.7742218e-01
   5.7054851e+02  -1.9816167e+00
   5.7056889e+02  -1.2657753e+00
   5.7819555e+02  -1.2457966e+00
   5.7838611e+02  -1.9404991e+00
   5.8181717e+02  -1.7640304e+00
   5.8367002e+02  -1.5195147e+00
   5.8590342e+02  -9.2587323e-01
   5.8812669e+02  -1.1858814e+00
   5.9435807e+02  -1.1944194e+00
   5.9442358e+02  -1.6685759e+00
   5.9804062e+02  -9.6983820e-01
   6.0160311e+02   1.5474150e+00
   6.0362230e+02   1.5946256e+00
   6.0787992e+02   2.0632216e+00
   6.1067996e+02   2.5488852e+00
   6.1288890e+02   1.3636617e+00
   6.1700690e+02   2.6850140e+00
   6.1842276e+02   2.1610085e+00
   6.2176637e+02   1.9251346e+00
   6.2621328e+02   1.5343486e+00
   6.2848701e+02   1.5936522e+00
   6.3170379e+02   6.7641315e-01
   6.3553872e+02   1.1152595e-01
   6.3765034e+02   6.8426446e-02
   6.4003036e+02   6.2511349e-01
   6.4339988e+02   1.2807787e+00
   6.4669310e+02   9.4885566e-01
   6.4722403e+02   1.7346717e+00
   6.5174866e+02  -1.2669438e-01
   6.5366361e+02  -1.0014260e+00
   6.5842619e+02  -6.2514844e-01
   6.6173354e+02  -1.6283346e+00
   6.6488139e+02  -2.2662579e+00
   6.6579363e+02  -2.5837287e+00
   6.6913462e+02  -3.0148179e+00
   6.7378152e+02  -3.8882518e+00
   6.7575053e+02  -3.1999369e+00
   6.7813567e+02  -2.9763630e+00
   6.8127090e+02  -1.2141573e+00
   6.8456893e+02   5.3913020e-01
   6.8814655e+02  -6.1973216e-02
   6.8983549e+02  -2.1266218e-01
   6.9243555e+02   4.3429378e-01
   6.9626737e+02   1.4042698e+00
   6.9933415e+02  -3.2772825e-01
   7.0204399e+02   7.7872937e-01
   7.0572433e+02   6.9412394e-01
   7.1055754e+02   1.0065721e+00
   7.1212717e+02   5.5405510e-01
   7.1260146e+02  -5.4343105e-01
   7.1643989e+02   1.5572666e+00
   7.1795272e+02   1.6428153e+00
   7.2185094e+02   3.1447757e+00
   7.2687330e+02   3.7727056e+00
   7.3026195e+02   1.8122074e+00
   7.3373533e+02   1.3752706e+00
   7.3391821e+02   1.6183675e+00
   7.3835307e+02   8.1022638e-01
   7.3987599e+02   4.3922609e-01
   7.4476296e+02  -4.4666160e-02
   7.4749856e+02  -9.9286681e-03
   7.4892120e+02  -1.1427971e+00
   7.4986952e+02  -1.0656608e+00
   7.5511837e+02  -2.5508055e+00
   7.5692648e+02  -2.0544912e+00
   7.6001596e+02  -1.3114545e+00
   7.6360935e+02   1.8797995e-01
   7.6547766e+02  -2.2529885e-01
   7.7161231e+02  -7.0823351e-01
   7.7264391e+02  -2.2198087e+00
   7.7504274e+02  -8.4436309e-01
   7.7872260e+02  -1.9077614e+00
   7.8015436e+02  -2.1229703e+00
   7.8586671e+02  -4.9090631e-01
   7.8699057e+02  -1.5554027e+00
   7.9098552e+02  -1.7428996e+00
   7.9336242e+02  -2.0396402e+00
   7.9490156e+02  -2.1677265e+00
   7.9848954e+02  -7.3359128e-02
   8.0253029e+02   1.4459551e+00
   8.0624341e+02   1.5382448e+00
   8.0864834e+02   2.8956231e+00
   8.1201043e+02   1.9144192e+00
   8.1328404e+02   2.0982959e+00
   8.1864041e+02   1.5280862e+00
   8.2224864e+02   8.4382316e-01
   8.2417985e+02   1.8227227e+00
   8.2456552e+02   1.4656475e+00
   8.2937795e+02   4.4994711e-01
   8.3225735e+02   2.5268073e-01
   8.3433625e+02  -6.9208445e-01
   8.3771330e+02  -9.7322802e-02
   8.4008132e+02   7.6221914e-01
   8.4391396e+02   1.3086357e+00
   8.4675005e+02   5.4629518e-01
   8.5032138e+02  -6.9419018e-02
   8.5264144e+02  -1.0018611e-01
   8.5549760e+02  -8.3866822e-01
   8.5871184e+02  -1.0242278e+00
   8.6095958e+02  -1.0401448e+00
   8.6253374e+02  -2.1647782e+00
   8.6782872e+02  -3.9475430e+00
   8.6989808e+02  -3.2115334e+00
   8.7334456e+02  -3.3093677e+00
   8.7696069e+02  -2.5415352e+00
   8.7848287e+02  -1.9343555e+00
   8.8085820e+02  -1.0623492e+00
   8.8291796e+02  -4.5451785e-01
   8.8697705e+02  -6.8385995e-02
   8.9205064e+02   5.5773925e-02
   8.9389290e+02   2.3834629e-01
   8.9746412e+02   4.4845399e-01
   9.0132799e+02   9.5198398e-01
   9.0216587e+02   1.0003252e+00
   9.0633818e+02   1.2304591e+00
   9.1027682e+02   7.0755687e-01
   9.1032259e+02   7.8162470e-01
   9.1337384e+02   4.3940024e-01
   9.1713909e+02   4.5567307e-01
   9.2057754e+02   2.8294928e+00
   9.2237330e+02   3.2322206e+00
   9.2553408e+02   3.5770554e+00
   9.2687725e+02   3.1300078e+00
   9.3048081e+02   2.8852714e+00
   9.3524066e+02   1.9680940e+00
   9.3976019e+02   8.7425950e-01
   9.4039678e+02   1.8453035e-02
   9.4605028e+02  -6.2595241e-02
   9.4660487e+02  -1.1084435e+00
   9.4888483e+02  -1.6507684e+00
   9.5365514e+02  -2.3813203e+00
   9.5451244e+02  -2.5950382e+00
   9.6089529e+02  -1.2598827e+00
   9.6091450e+02  -1.7425117e+00
   9.6440712e+02  -3.5922163e-01
   9.6757959e+02  -3.0194209e-01
   9.6910937e+02  -1.2215379e+00
   9.7428060e+02  -1.4453638e+00
   9.7617443e+02  -1.2897056e+00
   9.8118849e+02  -3.6888985e-01
   9.8155038e+02  -9.7519121e-01
   9.8529873e+02  -1.0090170e+00
   9.8710775e+02  -3.4528670e-02
   9.9045570e+02  -1.5197803e+00
   9.9394960e+02  -1.1743663e+00
   9.9682306e+02  -1.8198401e+00
