   0.0000000e+00   1.9538967e-02
   3.5768391e+00   1.6278699e+00
   5.9750802e+00   3.3568287e+00
   9.2016069e+00   2.0167613e+00
   1.1103487e+01   2.0713982e+00
   1.6446142e+01   9.3405938e-01
   1.7759060e+01   2.4580800e+00
   2.2447072e+01   1.6553332e+00
   2.3864069e+01   1.3730655e+00
   2.7421673e+01   7.2089209e-01
   2.8053828e+01   1.7186760e+00
   3.1748835e+01   7.2368106e-01
   3.6645982e+01  -4.8369478e-01
   3.7711023e+01   1.5515620e+00
   4.1877350e+01   1.2544341e+00
   4.3889970e+01   1.3998093e+00
   4.7064424e+01   1.3633833e+00
   4.8800662e+01   1.5096052e+00
   5.1829550e+01   6.5621344e-02
   5.7034570e+01  -6.1563066e-01
   5.8955119e+01  -6.4494764e-01
   6.1151055e+01  -1.0564677e+00
   6.4134828e+01  -1.3698398e+00
   6.8711735e+01  -2.3893701e+00
   7.0743775e+01  -2.7275476e+00
   7.4263478e+01  -4.1537677e+00
   7.7096681e+01  -2.9944289e+00
   8.0406219e+01  -1.8715904e+00
   8.3000486e+01  -2.2931848e-01
   8.4208619e+01  -1.4034469e+00
   8.8875041e+01  -1.5988570e-01
   9.2575162e+01  -5.7723086e-01
   9.4972546e+01  -8.7478071e-02
   9.5128642e+01  -2.7781585e-01
   1.0002622e+02   4.1042879e-01
   1.0292706e+02  -3.4875031e-02
   1.0651799e+02   5.1473969e-02
   1.0863883e+02  -2.3125115e-01
   1.1209796e+02   6.4407831e-01
   1.1665651e+02   7.6730588e-01
   1.1884765e+02   1.0836859e+00
   1.2121810e+02   3.2987262e+00
   1.2297651e+02   2.7715672e+00
   1.2677950e+02   3.2938231e+00
   1.2994789e+02   2.5753049e+00
   1.3219291e+02   2.1600636e+00
   1.3536329e+02   2.1153951e+00
   1.3906523e+02   6.3704887e-01
   1.4210570e+02   1.1998631e+00
   1.4315781e+02   1.4258970e+00
   1.4640180e+02  -3.0367336e-01
   1.5157265e+02  -1.4577686e+00
   1.5398167e+02  -2.1647512e+00
   1.5607865e+02  -1.2753696e+00
   1.5971419e+02  -9.1613312e-01
   1.6127219e+02  -1.2388151e+00
   1.6417853e+02  -5.4685002e-01
   1.6846769e+02  -8.0824306e-02
   1.7261611e+02  -1.6237499e+00
   1.7479943e+02  -1.8809895e+00
   1.7649230e+02  -2.0432390e+00
   1.8083530e+02  -2.4992251e+00
   1.8265191e+02  -1.9723221e+00
   1.8512375e+02  -9.6031266e-01
   1.8835496e+02  -2.8495629e+00
   1.9113709e+02  -1.7090095e+00
   1.9449086e+02  -1.3296292e+00
   1.9821215e+02  -1.5451666e+00
   1.9953608e+02   2.2298151e-01
   2.0390159e+02   1.1415388e+00
   2.0763300e+02   2.6150631e+00
   2.0959999e+02   1.8737314e+00
   2.1310314e+02   2.2855579e+00
   2.1529759e+02   2.1268001e+00
   2.2031850e+02   2.2269496e+00
   2.2217416e+02   1.2447205e+00
   2.2238589e+02   1.3624649e+00
   2.2718497e+02   2.1450590e+00
   2.2829214e+02   1.1958411e+00
   2.3407819e+02  -7.7740389e-01
   2.3639460e+02   1.3067718e-01
   2.3958941e+02   1.0586082e+00
   2.4277421e+02   1.1023375e+00
   2.4660240e+02   2.4559645e+00
   2.4747995e+02   1.7214005e+00
   2.5061259e+02   7.4965509e-01
   2.5431577e+02  -2.9960091e-01
   2.5762789e+02  -1.6224822e+00
   2.5848465e+02  -7.7226005e-01
   2.6199998e+02  -1.6776203e+00
   2.6553988e+02  -1.7760355e+00
   2.6596716e+02  -1.5066094e+00
   2.7255865e+02  -3.9092042e+00
   2.7332372e+02  -3.0663319e+00
   2.7845349e+02  -2.6274050e+00
   2.7946354e+02  -2.4004972e+00
   2.8383481e+02  -6.6140357e-02
   2.8697041e+02   3.3579710e-01
   2.8892397e+02  -1.3597141e-01
   2.9261247e+02  -7.6038557e-01
   2.9487256e+02  -1.0023290e+00
   2.9850417e+02  -5.6457878e-01
   2.9980266e+02   3.8010991e-02
   3.0311870e+02   9.5077879e-01
   3.0820473e+02   8.2268771e-01
   3.0912979e+02  -6.4799060e-01
   3.1293715e+02  -1.1887265e-01
   3.1406315e+02   1.3427444e-01
   3.1819852e+02   1.9242963e+00
   3.2077931e+02   1.4940477e+00
   3.2423732e+02   3.2809361e+00
   3.2842649e+02   3.8179295e+00
   3.3137782e+02   2.0022303e+00
   3.3452002e+02   2.2136654e+00
   3.3645931e+02   1.8817922e+00
   3.3974952e+02   1.0536765e+00
   3.4114462e+02   5.8540238e-01
   3.4469926e+02   3.4596959e-01
   3.4937038e+02   7.5758202e-02
   3.5194869e+02  -1.4677490e+00
   3.5443871e+02  -1.6467126e+00
   3.5570266e+02  -1.5316119e+00
   3.6022467e+02  -1.8648802e+00
   3.6324007e+02  -4.3163290e-01
   3.6539486e+02   4.8192910e-01
   3.6904231e+02  -1.6087143e+00
   3.7419218e+02  -2.8736643e+00
   3.7426591e+02  -8.8711246e-01
   3.7598917e+02  -2.3180186e+00
   3.7788048e+02  -2.2993790e+00
   3.8274030e+02  -1.3764090e+00
   3.8577528e+02  -2.5096068e+00
   3.8822831e+02  -1.4477079e+00
   3.9438293e+02  -2.8044377e+00
   3.9626848e+02  -1.7713817e+00
   3.9892029e+02   6.3205151e-01
   4.0127725e+02   1.5379448e+00
   4.0162015e+02   2.8503080e-01
   4.0878587e+02   1.0662382e+00
   4.1007792e+02   1.6738830e+00
   4.1209797e+02   2.0714003e+00
   4.1389674e+02   2.5684716e+00
   4.1898909e+02   3.3385814e+00
   4.2393710e+02   2.8252067e+00
   4.2516512e+02   1.8290013e+00
   4.2859611e+02   5.0033678e-01
   4.3051546e+02   1.2643238e-01
   4.3468071e+02  -1.6468313e-01
   4.3507238e+02   6.4501495e-01
   4.4051494e+02   1.2608435e+00
   4.4302616e+02   1.0639043e+00
   4.4526555e+02   1.8606863e+00
   4.4859878e+02   3.4837075e-01
   4.5294043e+02   4.1106664e-01
   4.5433219e+02   3.2897485e-01
   4.5813916e+02  -3.3975196e-01
   4.5890085e+02  -9.0384145e-01
   4.6433257e+02  -2.1588231e+00
   4.6791747e+02  -1.8082626e+00
   4.6846570e+02  -2.7463755e+00
   4.7098933e+02  -3.0366959e+00
   4.7398950e+02  -4.1590565e+00
   4.7859116e+02  -3.0467944e+00
   4.8009138e+02  -1.4768087e+00
   4.8370303e+02  -1.4128154e-01
   4.8534305e+02  -6.2109624e-01
   4.9073081e+02  -6.8064920e-01
   4.9189013e+02  -1.3741540e-01
   4.9647413e+02  -5.3052797e-02
   4.9931113e+02  -9.4784593e-01
   5.0133408e+02   7.8388005e-01
   5.0475091e+02   6.9178387e-01
   5.0707753e+02   4.0915559e-01
   5.0998159e+02  -2.1066224e-02
   5.1444790e+02  -5.0763811e-01
   5.1629143e+02   1.4934336e-01
   5.1810195e+02   6.8886670e-01
   5.2371672e+02   2.5667471e+00
   5.2405158e+02   3.4016830e+00
   5.2847272e+02   3.6236611e+00
   5.3015559e+02   3.6528025e+00
   5.3363837e+02   1.7205504e+00
   5.3729781e+02   6.3222975e-01
   5.4089979e+02   1.0669191e+00
   5.4245920e+02   1.1042013e+00
   5.4608630e+02   5.4127802e-01
   5.4847864e+02  -1.0379159e+00
   5.5166665e+02  -2.1990311e+00
   5.5340764e+02  -1.4175531e+00
   5.5741835e+02  -1.5591002e+00
   5.6198752e+02  -1.3152804e+00
   5.6261318e+02  -1.7037680e-01
   5.6509902e+02  -6.2080198e-01
   5.7092413e+02  -1.3426717e+00
   5.7346604e+02  -1.4574019e+00
   5.7603643e+02  -2.0908205e+00
   5.7673836e+02  -2.4358806e+00
   5.8270447e+02  -1.2121026e+00
   5.8350246e+02  -1.9804021e+00
   5.8583943e+02  -1.9791825e+00
   5.8929733e+02  -2.5427177e+00
   5.9330643e+02  -1.8102381e+00
   5.9655264e+02  -1.0116475e+00
   5.9906567e+02  -1.3452102e-01
   6.0153610e+02  -2.0501723e-01
   6.0655244e+02   1.9507547e+00
   6.0705702e+02   1.9674538e+00
   6.1075956e+02   1.4556586e+00
   6.1288096e+02   2.0444787e+00
   6.1697063e+02   1.8168062e+00
   6.1756887e+02   2.0036927e+00
   6.2311030e+02   2.6627271e+00
   6.2429749e+02   1.4229381e+00
   6.2824703e+02   6.2982205e-01
   6.3024020e+02   7.2068735e-01
   6.3301143e+02   8.9941408e-02
   6.3531076e+02   5.6499678e-01
   6.3917642e+02   1.4921809e+00
   6.4331212e+02   2.4111458e+00
   6.4654344e+02   1.2661212e+00
   6.5054718e+02   1.4190968e+00
   6.5259493e+02   1.2973833e+00
   6.5275164e+02   1.9173557e-01
   6.5682116e+02  -1.4162414e+00
   6.6065842e+02  -2.0186945e+00
   6.6122329e+02  -1.3297903e+00
   6.6638702e+02  -1.8128463e+00
   6.6905638e+02  -3.1721870e+00
   6.7293232e+02  -3.2594761e+00
   6.7610885e+02  -2.2505848e+00
   6.7939988e+02  -2.8780216e+00
   6.8124910e+02  -1.5888104e+00
   6.8416627e+02  -2.5567981e-01
   6.8879991e+02  -7.4254337e-01
   6.9213613e+02  -6.0048184e-01
   6.9286708e+02  -6.9935277e-01
   6.9635508e+02  -2.4036135e-01
   6.9818535e+02  -1.5034890e-01
   7.0213876e+02   1.0718274e+00
   7.0581546e+02   2.8865209e-01
   7.0740548e+02  -1.0312451e-02
   7.1108025e+02  -1.6364830e-01
   7.1393501e+02   1.1760824e+00
   7.1622533e+02   1.7236526e+00
   7.1926022e+02   1.5263473e+00
   7.2462996e+02   3.0279620e+00
   7.2469615e+02   3.1590295e+00
   7.2815255e+02   2.7754037e+00
   7.3009560e+02   2.3740748e+00
   7.3445455e+02   1.4571837e+00
   7.3789673e+02   9.6337088e-01
   7.3992289e+02   7.7904241e-01
   7.4374457e+02  -1.7012656e-01
   7.4562671e+02   4.3892852e-01
   7.5056819e+02  -1.4921509e+00
   7.5221876e+02  -2.0492870e+00
   7.5597821e+02  -5.5139335e-01
   7.6033048e+02  -1.4212281e+00
   7.6153781e+02  -4.6280372e-01
   7.6538333e+02  -2.8085130e-01
   7.6725108e+02  -1.2145144e+00
   7.6963953e+02  -6.6529118e-01
   7.7197700e+02  -5.0331483e-01
   7.7546522e+02  -1.3447683e+00
   7.7995818e+02  -1.8702363e+00
   7.8261250e+02  -8.1210148e-01
   7.8366529e+02  -2.1152168e+00
   7.8745733e+02  -2.1039917e+00
   7.8930028e+02  -1.3072572e+00
   7.9385660e+02  -1.2625476e+00
   7.9746899e+02  -1.4400924e+00
   7.9870268e+02  -1.0153983e+00
   7.9960398e+02   3.9250796e-01
   8.0604673e+02   1.7820513e+00
   8.1150691e+02   1.8991348e+00
   8.1178601e+02   2.0737562e+00
   8.1449845e+02   1.3509859e+00
   8.1743404e+02   1.3110466e+00
   8.2105966e+02   2.4892623e+00
   8.2513759e+02   1.2031370e+00
   8.2752468e+02   1.1635531e+00
   8.2875474e+02   1.3211069e+00
   8.3191726e+02   4.5459107e-01
   8.3509634e+02   1.9225601e-01
   8.3694552e+02   9.6562894e-01
   8.4190778e+02   4.1530188e-01
   8.4386191e+02   1.2505399e+00
   8.4820706e+02   1.4935185e+00
   8.4940646e+02   1.5290494e+00
   8.5360122e+02   3.8105643e-01
   8.5420130e+02  -6.9737155e-01
   8.5988158e+02  -7.4546852e-01
   8.6027252e+02  -1.5197282e+00
   8.6329893e+02  -2.5277485e+00
   8.6734993e+02  -2.7079207e+00
   8.6879525e+02  -2.0352674e+00
   8.7366655e+02  -3.0002622e+00
   8.7669544e+02  -4.3845891e+00
   8.8042032e+02  -2.3057707e+00
   8.8164551e+02  -2.0991990e+00
   8.8541847e+02  -1.0560494e+00
   8.8819735e+02  -5.8461711e-02
   8.9160411e+02   2.7846739e-01
   8.9448194e+02  -1.0968984e+00
   8.9580764e+02   6.4462844e-01
   9.0151671e+02   9.2651992e-01
   9.0231790e+02   2.4510389e-01
   9.0473857e+02   7.8259182e-01
   9.0760391e+02  -3.2925430e-02
   9.1274514e+02  -1.7643477e-01
   9.1434055e+02   3.7167380e-01
   9.2015403e+02   1.8795647e+00
   9.2020150e+02   1.3998361e+00
   9.2320860e+02   3.5758882e+00
   9.2671127e+02   2.9712050e+00
   9.2807094e+02   4.1819571e+00
   9.3192222e+02   2.7004480e+00
   9.3356895e+02   2.0935393e+00
   9.3914902e+02   1.1207997e+00
   9.4135269e+02   4.1531806e-01
   9.4277350e+02   1.4174854e+00
   9.4701960e+02  -7.5473728e-01
   9.4950348e+02  -9.5022300e-01
   9.5423881e+02  -2.7990761e+00
   9.5716442e+02  -2.2042612e+00
   9.5940815e+02  -1.0271510e+00
   9.6219131e+02  -6.1900052e-01
   9.6545073e+02  -7.1871792e-01
   9.6683273e+02  -4.4051267e-01
   9.7091442e+02  -1.0877411e+00
   9.7310209e+02  -1.4876503e+00
   9.7731428e+02  -2.4540124e+00
   9.7922238e+02  -2.0502528e+00
   9.8422438e+02  -1.5314329e+00
   9.8547240e+02  -8.5519339e-01
   9.8952174e+02  -2.0904402e+00
   9.9116466e+02  -4.4949905e-01
   9.9264867e+02  -2.6761588e+00
   9.9746537e+02  -4.9484221e-01
